0 0.133398 0.132870 0.237152 0.125000
0 0.354905 0.145370 0.176217 0.111111
0 0.536063 0.146296 0.159748 0.100000
0 0.713104 0.154630 0.148220 0.105556
0 0.915672 0.161574 0.144926 0.106481
0 0.087285 0.256019 0.144926 0.110185
0 0.237152 0.263889 0.138339 0.122222
0 0.374668 0.258333 0.120223 0.107407
0 0.503125 0.257870 0.113636 0.102778
0 0.642288 0.262500 0.148220 0.099074
0 0.838268 0.263889 0.148220 0.105556
0 0.081521 0.387963 0.143280 0.109259
0 0.239623 0.386111 0.139986 0.100000
0 0.380432 0.363889 0.098813 0.090741
0 0.536063 0.367593 0.166336 0.088889
0 0.684283 0.365741 0.103754 0.079630
0 0.841562 0.381481 0.158102 0.105556
0 0.319497 0.525000 0.220683 0.094444
0 0.660404 0.481944 0.171277 0.084259
