0 0.328122 0.527315 0.113486 0.145370
0 0.453326 0.541204 0.112252 0.163889
0 0.575446 0.543056 0.119653 0.150926
0 0.695100 0.545370 0.112252 0.159259
0 0.345391 0.409259 0.108552 0.062963
0 0.463194 0.419444 0.094983 0.070370
0 0.570512 0.424074 0.109785 0.074074
0 0.690166 0.422222 0.112252 0.070370
0 0.372529 0.333333 0.103617 0.057407
0 0.474913 0.339815 0.091282 0.061111
0 0.574213 0.344907 0.090048 0.062037
0 0.677830 0.346296 0.104851 0.059259
0 0.658094 0.283796 0.085114 0.043519
0 0.645141 0.237500 0.064144 0.034259
0 0.388565 0.280556 0.081414 0.046296
0 0.474913 0.279167 0.081414 0.041667
